1
218
 0.507720000000000  3.217300000000000
 0.000000000000000  3.200000000000000
 0.000000000000000  2.200000000000000
 0.000000000000000  1.200000000000000
 0.000000000000000  0.600000000000000
 0.000000000000000  0.000000000000000
 0.747370000000000  0.024112000000000
 1.491600000000000  0.096346000000000
 2.229700000000000  0.216400000000000
 2.958500000000000  0.383780000000000
 3.675000000000000  0.597790000000000
 4.376200000000000  0.857540000000000
 5.059200000000000  1.161900000000000
 5.721100000000000  1.509700000000000
 6.359300000000000  1.899500000000000
 6.971000000000000  2.329500000000000
 7.553700000000000  2.798100000000000
 8.105000000000000  3.303300000000000
 8.622600000000000  3.843000000000000
 9.104400000000000  4.414900000000000
 9.548299999999999  5.016600000000000
 9.952400000000001  5.645800000000000
 10.315000000000000  6.299600000000000
 10.635000000000000  6.975500000000000
 10.911000000000000  7.670600000000000
 11.141000000000000  8.382099999999999
 11.324999999999999  9.106900000000000
 11.462000000000000  9.842000000000001
 11.551000000000000  10.584000000000000
 11.573000000000000  11.089500000000001
 11.595000000000001  11.595000000000001
 11.595000000000001  12.205500000000001
 11.595000000000001  12.816000000000001
 11.595000000000001  13.426500000000001
 11.595000000000001  14.037000000000001
 11.595000000000001  15.257999999999999
 11.595000000000001  16.478999999999999
 11.595000000000001  17.089500000000001
 11.595000000000001  17.699999999999999
 11.595000000000001  18.920999999999999
 11.595000000000001  20.141999999999999
 11.595000000000001  20.752499999999998
 11.595000000000001  21.363000000000000
 11.595000000000001  22.584000000000000
 11.595000000000001  23.805000000000000
 11.595000000000001  24.415500000000002
 11.595000000000001  25.026000000000000
 11.595000000000001  26.247000000000000
 11.595000000000001  27.468000000000000
 11.595000000000001  28.078499999999998
 11.595000000000001  28.689000000000000
 11.595000000000001  29.910000000000000
 11.595000000000001  30.520499999999998
 11.595000000000001  31.131000000000000
 11.595000000000001  32.351999999999997
 11.595000000000001  32.962499999999999
 11.595000000000001  33.573000000000000
 11.595000000000001  34.793999999999997
 11.595000000000001  36.015999999999998
 11.595000000000001  37.237000000000002
 11.595000000000001  37.847499999999997
 11.595000000000001  38.457999999999998
 11.595000000000001  39.068500000000000
 11.595000000000001  39.679000000000002
 11.595000000000001  40.899999999999999
 11.595000000000001  42.121000000000002
 11.595000000000001  42.731499999999997
 11.595000000000001  43.341999999999999
 11.595000000000001  44.563000000000002
 11.595000000000001  45.173500000000004
 11.595000000000001  45.783999999999999
 11.595000000000001  47.005000000000003
 11.595000000000001  47.615499999999997
 11.595000000000001  48.225999999999999
 11.595000000000001  48.836500000000001
 11.595000000000001  49.447000000000003
 11.595000000000001  50.667999999999999
 11.595000000000001  51.889000000000003
 11.595000000000001  52.499499999999998
 11.595000000000001  53.109999999999999
 11.595000000000001  54.331000000000003
 11.595000000000001  55.552000000000000
 11.595000000000001  56.773000000000003
 11.595000000000001  57.994000000000000
 11.595000000000001  58.604500000000002
 11.595000000000001  59.215000000000003
 11.595000000000001  59.715000000000003
 11.595000000000001  60.215000000000003
 11.707500000000000  60.709000000000003
 11.820000000000000  61.203000000000003
 12.045000000000000  62.191000000000003
 12.270000000000000  63.179000000000002
 12.494999999999999  64.165999999999997
 12.720000000000001  65.153999999999996
 12.945000000000000  66.141999999999996
 13.057500000000001  66.635999999999996
 13.170000000000000  67.129999999999995
 13.395000000000000  68.117999999999995
 13.619999999999999  69.105999999999995
 13.845000000000001  70.093999999999994
 14.070000000000000  71.081000000000003
 14.295000000000000  72.069000000000003
 14.520000000000000  73.057000000000002
 14.744999999999999  74.045000000000002
 14.744999999999999  75.045000000000002
 14.744999999999999  75.795000000000002
 14.744999999999999  76.545000000000002
 14.744999999999999  77.295000000000002
 14.744999999999999  78.045000000000002
 13.744999999999999  78.045000000000002
 13.154999999999999  78.045000000000002
 12.154999999999999  78.045000000000002
 12.154999999999999  77.295000000000002
 12.154999999999999  76.545000000000002
 12.154999999999999  75.795000000000002
 12.154999999999999  75.045000000000002
 12.154999999999999  74.045000000000002
 11.818000000000000  73.057000000000002
 11.649500000000000  72.563000000000002
 11.481000000000000  72.069000000000003
 11.145000000000000  71.081000000000003
 10.976500000000001  70.587500000000006
 10.808000000000000  70.093999999999994
 10.471000000000000  69.105999999999995
 10.134000000000000  68.117999999999995
 9.797499999999999  67.129999999999995
 9.460699999999999  66.141999999999996
 9.123900000000001  65.153999999999996
 8.787100000000001  64.165999999999997
 8.450400000000000  63.179000000000002
 8.113600000000000  62.191000000000003
 7.776800000000000  61.203000000000003
 7.440000000000000  60.215000000000003
 7.440000000000000  59.215000000000003
 7.440000000000000  57.994000000000000
 7.440000000000000  57.383499999999998
 7.440000000000000  56.773000000000003
 7.440000000000000  56.162500000000001
 7.440000000000000  55.552000000000000
 7.440000000000000  54.941500000000005
 7.440000000000000  54.331000000000003
 7.440000000000000  53.109999999999999
 7.440000000000000  52.499499999999998
 7.440000000000000  51.889000000000003
 7.440000000000000  51.278500000000001
 7.440000000000000  50.667999999999999
 7.440000000000000  50.057500000000005
 7.440000000000000  49.447000000000003
 7.440000000000000  48.225999999999999
 7.440000000000000  47.615499999999997
 7.440000000000000  47.005000000000003
 7.440000000000000  46.394500000000001
 7.440000000000000  45.783999999999999
 7.440000000000000  45.173500000000004
 7.440000000000000  44.563000000000002
 7.440000000000000  43.341999999999999
 7.440000000000000  42.731499999999997
 7.440000000000000  42.121000000000002
 7.440000000000000  40.899999999999999
 7.440000000000000  40.289500000000004
 7.440000000000000  39.679000000000002
 7.440000000000000  39.068500000000000
 7.440000000000000  38.457999999999998
 7.440000000000000  37.847499999999997
 7.440000000000000  37.237000000000002
 7.440000000000000  36.626500000000000
 7.440000000000000  36.015999999999998
 7.440000000000000  34.793999999999997
 7.440000000000000  34.183499999999995
 7.440000000000000  33.573000000000000
 7.440000000000000  32.351999999999997
 7.440000000000000  31.131000000000000
 7.440000000000000  30.520499999999998
 7.440000000000000  29.910000000000000
 7.440000000000000  28.689000000000000
 7.440000000000000  28.078499999999998
 7.440000000000000  27.468000000000000
 7.440000000000000  26.247000000000000
 7.440000000000000  25.026000000000000
 7.440000000000000  24.415500000000002
 7.440000000000000  23.805000000000000
 7.440000000000000  22.584000000000000
 7.440000000000000  21.973500000000001
 7.440000000000000  21.363000000000000
 7.440000000000000  20.141999999999999
 7.440000000000000  19.531500000000001
 7.440000000000000  18.920999999999999
 7.440000000000000  17.699999999999999
 7.440000000000000  17.089500000000001
 7.440000000000000  16.478999999999999
 7.440000000000000  15.868499999999999
 7.440000000000000  15.257999999999999
 7.440000000000000  14.647500000000001
 7.440000000000000  14.037000000000001
 7.440000000000000  12.816000000000001
 7.440000000000000  12.205500000000001
 7.440000000000000  11.595000000000001
 7.440000000000000  10.640000000000001
 7.422700000000000  10.132000000000000
 7.370700000000000  9.626899999999999
 7.284400000000000  9.126300000000001
 7.164100000000000  8.632700000000000
 7.010400000000000  8.148500000000000
 6.824100000000000  7.675900000000000
 6.605900000000000  7.217100000000000
 6.356900000000000  6.774300000000000
 6.078300000000000  6.349500000000000
 5.771300000000000  5.944700000000000
 5.437400000000000  5.561800000000000
 5.078200000000000  5.202600000000000
 4.695300000000000  4.868700000000000
 4.290500000000000  4.561700000000000
 3.865700000000000  4.283100000000000
 3.422900000000000  4.034100000000000
 2.964100000000000  3.815900000000000
 2.491500000000000  3.629600000000000
 2.007300000000000  3.475900000000000
 1.513700000000000  3.355600000000000
