1
2
3
4
5
6
7
8
9
10
11
12
13
14
15
16
17
18
19
20
21
22
23
24
25
26
27
28
29
30
31
32
33
34
35
36
37
38
39
40
41
42
43
44
45
46
47
48
49
50
51
52
53
54
55
56
57
58
59
60
61
62
63
64
65
66
67
68
69
70
71
72
73
74
75
76
77
78
79
80
81
82
83
84
85
86
87
88
89
90
91
92
93
94
95
96
97
98
99
100
101
102
103
104
105
106
107
108
109
110
111
112
113
114
115
116
117
118
119
120
121
122
123
124
125
126
127
128
129
130
131
132
133
134
135
136
137
138
139
140
141
142
143
144
145
146
147
148
149
150
151
152
153
154
155
156
157
158
159
160
161
162
163
164
165
166
167
168
271
275
324
370
404
437
453
456
482
486
525
565
606
645
650
657
686
717
763
807
824
826
897
908
910
929
962
979
1011
1016
1019
1067
1091
1116
1200
1204
1241
1242
1287
1289
1316
1323
1333
1348
1411
1471
1476
1538
1570
1616
1644
1726
1741
1755
1781
1812
1829
1856
1909
1919
1927
1938
2046
2102
2135
2138
2150
2170
2219
2239
2244
2248
2278
2313
2347
2375
2406
2412
2422
2460
2489
2510
2524
2539
2544
2556
2561
2565
2572
